256 1.00 1.00 1.00
0 01
1 001
2 0010
3 00110
5 000110
7 0001011
9 00010110
11 000101100
13 0001011100
16 00001011100
19 000010011101
22 0000100110111
25 00001001101110
28 000010011010111
31 0000100110101110
34 00001001101011100
37 000010011010111000
40 0000100110101111000
44 00000100110101111000
48 000001000110101111001
52 0000010001100101111010
56 00000100011001010111101
60 000001000110010101111010
64 0000010001100101001111011
68 00000100011001010011101111
72 000001000110010100111011110
76 0000010001100101001110101111
80 00000100011001010011101011110
84 000001000110010100111010111100
88 0000010001100101001110101101111
92 00000100011001010011101011011110
96 000001000110010100111010110111100
100 0000010001100101001110101101111000
104 00000100011001010011101011011110000
108 000001000110010100111010110111110000
113 0000010000110010100111010110111110001
118 00000100001100010100111010110111110010
123 000001000011000101001011011100111110101
128 0000010000110001010010011101011011111001
133 00000100001100010100100111010110111110010
138 000001000011000101000111010110111110010011
143 0000010000110001010001110010011010111110110
148 00000100001100010100011100100110101101111101
153 000001000011000101000111001001101010111110110
158 0000010000110001010001110010011010101101111101
163 00000100001100010100011100100101100110111110101
168 000001000011000101000111001001011001101011111011
173 0000010000110001010001110010010110011010111110110
178 00000100001100010100011100100101100110101011111011
183 000001000011000101000111001001011001101010111110110
188 0000010000110001010001110010010110011010101110111110
193 00000100001100010100011100100101100110101011101111100
198 000001000011000101000111001001011001101001111101110101
203 0000010000110001010001110010010110011010011111010111011
208 00000100001100010100011100100101100110100111110101110110
213 000001000011000101000111001001011001101001111010111011111
218 0000010000110001010001110010010110011010011110101110111110
223 00000100001100010100011100100101100110100111101010111011111
228 000001000011000101000111001001011001101001111010101110111110
233 0000010000110001010001110010010110011010011110101011101111100
238 00000100001100010100011100100101100110100111101010111011011111
243 000001000011000101000111001001011001101001111010101110110111110
248 0000001000011000101000111001001011001101001111010101110110111110
253 00000100001100010100011100100101100110100111101010111011011111000
258 000001000011000101000111001001011001101001111010101110110111110000
263 0000010000110001010001110010010110011010011110101011101101111100000
268 00000100001100010100011100100101100110100111101010111011011111000000
273 000001000011000101000111001001011001101001111010101110110111111000000
279 0000010000110001010001110010010110011010011110101011101101111110000000
285 00000100001100010100011100100101100110100111101010111011011111100000001
291 000001000011000101000111001001011001101001111010101110110111111000000011
297 0000010000110001010001110010010110011010011101010111100000011111101101110
303 00000100001100010100011100100101100110100111010101110000001111011011111100
309 000001000011000101000111001001011001101001110101011100000001111011011111100
315 0000010000110001010001110010010110011010011101010111000000011110110111111000
321 00000100001100010100011100100101100110100111010101110000000111101101111110001
327 000001000011000101000111001001011001101001110101011010111100000011111101101110
333 0000010000110001010001110010010110011010011101010110101110000001111011011111100
339 00000100001100010100011100100101100110100111010101101011100000001111011011111100
345 000001000011000101000111001001011001101001110101011010111000000011110110111111000
351 0000010000110001010001110010010110011010011101010110101110000000111101101111110001
357 00000100001100010100011100100101100110100111010101101011100000001111011011111100011
363 000001000011000101000111001001011001101001110101011010111000000011110001101111110110
369 0000010000110001010001110010010110011010011101010110101110000000111100011011111101100
375 00000100001100010100011100100101100110100111010101101011100000001111000110110111111011
381 000001000011000101000111001001011001101001110101011010111000000011110001101101111110110
387 0000010000110001010001110010010110011010011101010110101110000000111100011011011111101100
393 00000100001100010100011100100101100110100111010101101011100000001111000110110111011111101
399 000001000011000101000111001001011001101001110101011010111000000011110001101101110111111010
405 0000010000110001010001110010010110011010011101010110101110000000111100011011011101111110100
411 00000100001100010100011100100101100110100111010101101011100000001111000110110000101111110111
417 000001000011000101000111001001011001101001110101011010111000000011110001101100001011111101110
423 0000010000110001010001110010010110011010011101010110101110000000111100011011000010111101111110
429 00000100001100010100011100100101100110100111010101101011100000001111000110110000101111011111100
435 000001000011000101000111001001011001101001110101011010111000000011110001101100001011110111111001
441 0000010000110001010001110010010110011010011101010110101110000000111100011011000010111101101111110
447 00000100001100010100011100100101100110100111010101101011100000001111000110110000101111011011111100
453 000001000011000101000111001001011001101001110101011010111000000011110001101100001011110110111111001
459 0000010000110001010001110010010110011010011101010110101110000000111100011011000010111101101111110011
465 00000100001100010100011100100101100110100111010101101011100000001111000110110000101111011011101111110
471 000001000011000101000111001001011001101001110101011010111000000011110001101100001011110110111011111100
477 0000010000110001010001110010010110011010011101010110101110000000111100011011000010111101101110111111001
483 00000100001100010100011100100101100110100111010101101011100000001111000110110000101111011011101111110011
489 000001000011000101000111001001011001101001110101011010111000000011110001101100001011110110111011111100111
495 0000010000110001010001110010010110011010011101010110101110000000111100011011000010111101101110111111001111
501 00000100001100010100011100100101100110100111010101101011100000001111000110110000101111011011101111100111111
507 000001000011000101000111001001011001101001110101011010111000000011110001101100001011110110111011111001111110
513 0000010000110001010001110010010110011010011101010110101110000000111100011011000010111101101110111110011111101
519 00000100001100010100011100100101100110100111010101101011100000001111000110110000101111011011101111100111111010
525 000001000011000101000111001001011001101001110101011010111000000011110001101100001011110110111011111001111110100
531 0000010000110001010001110010010110011010011101010110101110000000111100011011000010111101101110111110011111101000
537 00000100001100010100011100100101100110100111010101101011100000001111000110110000101111011011101111100111111010000
543 000001000011000101000111001001011001101001110101011010111000000011110001101100001011110110111011111001111110100000
549 0000010000110001010001110010010110011010011101010110101110000000111100011011000010111101101110111110011111101000001
555 00000100001100010100011100100101100110100111010101101011100000001111000110110000101111011011101111100111111101000001
562 000001000011000101000111001001011001101001110101011010111000000011110001101100001011110110111011111001111110100010011
568 0000010000110001010001110010010110011010011101010110101110000000111100011011000010111101101110111110011111101000100110
574 00000100001100010100011100100101100110100111010101101011100000001111000110110000101111011011101111100111111010001001100
580 000001000011000101000111001001011001101001110101011010111000000011110001101100001011110110111011111001111110100010011001
586 0000010000110001010001110010010110011010011101010110101110000000111100011011000010111101101110111110011111101000100110010
592 00000100001100010100011100100101100110100111010101101011100000001111000110110000101111011011101111100111111010001001100101
598 000001000011000101000111001001011001101001110101011010111000000011110001101100001011110110111011111001111110100010011001010
604 0000010000110001010001110010010110011010011101010110101110000000111100011011000010111101101110111110011111101000100110010101
610 00000100001100010100011100100101100110100111010101101011100000001111000110110000101111011011101111100111111010001001100101010
615 000000010000011000010100001110001001000101100011010001111001001100101010010111001101100111010011111010101101011110110111111000
621 0000000100000110000101000011100010010001011000110100011110010011001010100101110011011001110100111110101011010111101101110111111
627 00000001000001100001010000111000100100010110001101000111100100110010101001011100110110011101001111101010110101111011011101111110
633 000000010000011000010100001110001001000101100011010001111001001100101010010111001101100111010011111010101101011110110111011111100
639 0000000100000110000101000011100010010001011000110100011110010011001010100101110011011001110100111110101011010111101101110111111000
645 00000001000001100001010000111000100100010110001101000111100100110010101001011100110110011101001111101010110101111011011101111110000
651 000000010000011000010100001110001001000101100011010001111001001100101010010111001101100111010011111010101101011110110111011111100000
657 0000000100000110000101000011100010010001011000110100011110010011001010100101110011011001110100111110101011010111101101110111111000000
663 00000001000001100001010000111000100100010110001101000111100100110010101001011100110110011101001111101010110101111011011101111111000000
670 000000010000011000010100001110001001000101100011010001111001001100101010010111001101100111010011111010101101011110110111011111110000000
677 0000000100000110000101000011100010010001011000110100011110010011001010100101110011011001110100111110101011010111101101110111111100000000
684 00000001000001100001010000111000100100010110001101000111100100110010101001011100110110011101001111101010110101111011011101111111000000111
691 000000010000011000010100001110001001000101100011010001111001001100101010010111001101100111010011111010101101011110110111011111110000001111
698 0000000100000110000101000011100010010001011000110100011110010011001010100101110011011001110100111110101011010111101101110111111100000011111
705 00000001000001100001010000111000100100010110001101000111100100110010101001011100110110011101001111101010110101111011011101111100000011111110
712 000000010000011000010100001110001001000101100011010001111001001100101010010111001101100111010011111010101101011110110111011111000000111111100
719 0000000100000110000101000011100010010001011000110100011110010011001010100101110011011001110100111110101011010111101101110111110000001111111001
726 00000001000001100001010000111000100100010110001101000111100100110010101001011100110110011101001111101010110101111011011101111100000011111110011
733 000000010000011000010100001110001001000101100011010001111001001100101010010111001101100111010011111010101101011110110111011100001101111111000000
740 0000000100000110000101000011100010010001011000110100011110010011001010100101110011011001110100111110101011010111101101110111000011011111110000000
747 00000001000001100001010000111000100100010110001101000111100100110010101001011100110110011101001111101010110101111011011100000011111110111011111000
754 000000010000011000010100001110001001000101100011010001111001001100101010010111001101100111010011111010101101011110110111000000111111011101111111000
761 0000000100000110000101000011100010010001011000110100011110010011001010100101110011011001110100111110101011010111101101110000001111110111011111110000
768 00000001000001100001010000111000100100010110001101000111100100110010101001011100110110011101001111101010110101111011011100000011111101110111111100001
775 000000010000011000010100001110001001000101100011010001111001001100101010010111001101100111010011111010101101011110110111000000111111011101111111000011
782 0000000100000110000101000011100010010001011000110100011110010011001010100101110011011001110100111110101011010111101101110000001111110111011111110000110
789 00000001000001100001010000111000100100010110001101000111100100110010101001011100110110011101001111101010110101111011011100000011111100011101111111011101
796 000000010000011000010100001110001001000101100011010001111001001100101010010111001101100111010011111010101101011110110111000000111111000011011111110111011
803 0000000100000110000101000011100010010001011000110100011110010011001010100101110011011001110100111110101011010111101101110000001111110000110111111101110110
810 00000001000001100001010000111000100100010110001101000111100100110010101001011100110110011101001111101010110101111011011100000011111100001101111111011101100
817 000000010000011000010100001110001001000101100011010001111001001100101010010111001101100111010011111010101101011110110111000000111111000011011111110111011000
824 0000000100000110000101000011100010010001011000110100011110010011001010100101110011011001110100111110101011010111101101110000001111110000110111111101110110000
831 00000001000001100001010000111000100100010110001101000111100100110010101001011100110110011101001111101010110101111011011100000011111100001101111111011101100000
838 000000010000011000010100001110001001000101100011010001111001001100101010010111001101100111010011111010101101011110110111000000111111000011011111110111011000001
845 0000000100000110000101000011100010010001011000110100011110010011001010100101110011011001110100111110101011010111101101110000001111110000110111111101110110000010
852 00000001000001100001010000111000100100010110001101000111100100110010101001011100110110011101001111101010110101111011011100000011111100001101111111011101100000101
859 000000010000011000010100001110001001000101100011010001111001001100101010010111001101100111010011111010101101011110110111000000111111000011011111110111011000001011
866 0000000100000110000101000011100010010001011000110100011110010011001010100101110011011001110100111110101011010111101101110000001111110000110111100011101111111011101
873 00000001000001100001010000111000100100010110001101000111100100110010101001011100110110011101001111101010110101111011011100000011111100001101111000111011111110111010
880 000000010000011000010100001110001001000101100011010001111001001100101010010111001101100111010011111010101101011110110111000000111111000011011110001110111111101110101
887 0000000100000110000101000011100010010001011000110100011110010011001010100101110011011001110100111110101011010111101101110000001111110000110111100011101111111011101011
894 00000001000001100001010000111000100100010110001101000111100100110010101001011100110110011101001111101010110101111011011100000011111100001101111000111011111110111010110
901 000000010000011000010100001110001001000101100011010001111001001100101010010111001101100111010011111010101101011110110111000000111111000011011110001110111111101110101100
908 0000000100000110000101000011100010010001011000110100011110010011001010100101110011011001110100111110101011010111101101110000001111110000110111100011101111111011101011001
915 00000001000001100001010000111000100100010110001101000111100100110010101001011100110110011101001111101010110101111011011100000011111100001101111000111011101100000101111111
922 000000010000011000010100001110001001000101100011010001111001001100101010010111001101100111010011111010101101011110110111000000111111000011011110001110111011000001011111110
929 0000000100000110000101000011100010010001011000110100011110010011001010100101110011011001110100111110101011010111101101110000001111110000110111100011101100000101111111011101
936 00000001000001100001010000111000100100010110001101000111100100110010101001011100110110011101001111101010110101111011011100000011111100001101111000111011000001011111110111010
943 000000010000011000010100001110001001000101100011010001111001001100101010010111001101100111010011111010101101011110110111000000111111000011011110001110110000010111111101110101
950 0000000100000110000101000011100010010001011000110100011110010011001010100101110011011001110100111110101011010111101101110000001111110000110111100011101100000101111111011101011
957 00000001000001100001010000111000100100010110001101000111100100110010101001011100110110011101001111101010110101111011011100000011111100001101111000111011000001011111110111010110
964 000000010000011000010100001110001001000101100011010001111001001100101010010111001101100111010011111010101101011110110111000000111111000011011110001110110000010111111101110101100
971 0000000100000110000101000011100010010001011000110100011110010011001010100101110011011001110100111110101011010111101101110000001111110000110111100011101100000101111111011101011001
978 00000001000001100001010000111000100100010110001101000111100100110010101001011100110110011101001111101010110101111011011100000011111100001101111000111011000001011111110111010110010
985 000000010000011000010100001110001001000101100011010001111001001100101010010111001101100111010011111010101101011110110111000000111111000011011110001110110000010111111101110101100100
992 0000000100000110000101000011100010010001011000110100011110010011001010100101110011011001110100111110101011010111101101110000001111110000110111100011101100000101111111011101011001000
999 00000001000001100001010000111000100100010110001101000111100100110010101001011100110110011101001111101010110101111011011100000011111100001101111000111011000001011111110111010110010000
1006 000000010000011000010100001110001001000101100011010001111001001100101010010111001101100111010011111010101101011110110111000000111111000011011110001110110000010111111101110101100100001
1013 0000000100000110000101000011100010010001011000110100011110010011001010100101110011011001110100111110101011010111101101110000001111110000110111100011101100000101111111011101011001000010
1020 00000001000001100001010000111000100100010110001101000111100100110010101001011100110110011101001111101010110101111011011100000011111100001101111000111011000001011111110111010110010000100
1027 000000010000011000010100001110001001000101100011010001111001001100101010010111001101100111010011111010101101011110110111000000111111000011011110001110110000010111111101110101100100001001
1034 0000000100000110000101000011100010010001011000110100011110010011001010100101110011011001110100111110101011010111101101110000001111110000110111100011101100000101111111011101011001000010011
1041 00000001000001100001010000111000100100010110001101000111100100110010101001011100110110011101001111101010110101111011011100000011111100001101111000111011000001011111110111010110010000100111
1048 000000010000011000010100001110001001000101100011010001111001001100101010010111001101100111010011111010101101011110110111000000111111000011011110001110110000010111111101110101100100001001110
1055 0000000100000110000101000011100010010001011000110100011110010011001010100101110011011001110100111110101011010111101101110000001111110000110111100011101100000101111111011101011001000010011100
1062 00000001000001100001010000111000100100010110001101000111100100110010101001011100110110011101001111101010110101111011011100000011111100001101111000111011000001011111110111010110010000100111001
1069 000000010000011000010100001110001001000101100011010001111001001100101010010111001101100111010011111010101101011110110111000000111111000011011110001110110000010111111101110101100100001001110010
1076 0000000100000110000101000011100010010001011000110100011110010011001010100101110011011001110100111110101011010111101101110000001111110000110111100011101100000101111111011101011001000010011100101
1083 00000001000001100001010000111000100100010110001101000111100100110010101001011100110110011101001111101010110101111011011100000011111100001101111000111011000001011111110111010110010000100111001011
1090 000000010000011000010100001110001001000101100011010001111001001100101010010111001101100111010011111010101101011110110111000000111111000011011110001110110000010111111101110101100100001001110010110
1097 0000000100000110000101000011100010010001011000110100011110010011001010100101110011011001110100111110101011010111101101110000001111110000110111100011101100000101111111011101011001000010011100101101
1104 00000001000001100001010000111000100100010110001101000111100100110010101001011100110110011101001111101010110101111011011100000011111100001101111000111011000001011111110111010110010000100111001011011
1111 000000010000011000010100001110001001000101100011010001111001001100101010010111001101100111010011111010101101011110110111000000111111000011011110001110110000010111111101110101100100001001110010110110
1118 0000000100000110000101000011100010010001011000110100011110010011001010100101110011011001110100111110101011010111101101110000001111110000110111100011101100000101111111011101011001000010011100101101101
1125 00000001000001100001010000111000100100010110001101000111100100110010101001011100110110011101001111101010110101111011011100000011111100001101111000111011000001011111110111010110010000100111001011011010
1132 000000010000011000010100001110001001000101100011010001111001001100101010010111001101100111010011111010101101011110110111000000111111000011011110001110110000010111111101110101100100001001110010110110100
1139 0000000100000110000101000011100010010001011000110100011110010011001010100101110011011001110100111110101011010111101101110000001111110000110111100011101100000101111111011101011001000010011100101101101001
1146 00000001000001100001010000111000100100010110001101000111100100110010101001011100110110011101001111101010110101111011011100000011111100001101111000111011000001011111110111010110010000100111001011011010010
1153 000000010000011000010100001110001001000101100011010001111001001100101010010111001101100111010011111010101101011110110111000000111111000011011110001110110000010111111101110101100100001001110010110110100100
1160 0000000100000110000101000011100010010001011000110100011110010011001010100101110011011001110100111110101011010111101101110000001111110000110111100011101100000101111111011101011001000010011100101101101001001
1167 00000001000001100001010000111000100100010110001101000111100100110010101001011100110110011101001111101010110101111011011100000011111100001101111000111011000001011111110111010110010000100111001011011010010010
1174 000000010000011000010100001110001001000101100011010001111001001100101010010111001101100111010011111010101101011110110111000000111111000011011110001110110000010111111101110101100100001001110010110110100100101
1181 0000000100000110000101000011100010010001011000110100011110010011001010100101110011011001110100111110101011010111101101110000001111110000110111100011101100000101111111011101011001000010011100101101101001001010
1188 00000001000001100001010000111000100100010110001101000111100100110010101001011100110110011101001111101010110101111011011100000011111100001101111000111011000001011111110111010110010000100111001011011010010010100
1195 000000010000011000010100001110001001000101100011010001111001001100101010010111001101100111010011111010101101011110110111000000111111000011011110001110110000010111111101110101100100001001110010110110100100101001
1202 0000000100000110000101000011100010010001011000110100011110010011001010100101110011011001110100111110101011010111101101110000001111110000110111100011101100000101111111011101011001000010011100101101101001001010011
1209 00000001000001100001010000111000100100010110001101000111100100110010101001011100110110011101001111101010110101111011011100000011111100001101111000111011000001011111110111010110010000100111001011011010010010100110
1216 000000010000011000010100001110001001000101100011010001111001001100101010010111001101100111010011111010101101011110110111000000111111000011011110001110110000010111111101110101100100001001110010110110100100101001101
1223 0000000100000110000101000011100010010001011000110100011110010011001010100101110011011001110100111110101011010111101101110000001111110000110111100011101100000101111111011101011001000010011100101101101001001010011010
1230 00000001000001100001010000111000100100010110001101000111100100110010101001011100110110011101001111101010110101111011011100000011111100001101111000111011000001011111110111010110010000100111001011011010010010100110101
1237 000000010000011000010100001110001001000101100011010001111001001100101010010111001101100111010011111010101101011110110111000000111111000011011110001110110000010111111101110101100100001001110010110110100100101001101010
1244 0000000100000110000101000011100010010001011000110100011110010011001010100101110011011001110100111110101011010111101101110000001111110000110111100011101100000101111111011101011001000010011100101101101001001010011010100
1251 00000001000001100001010000111000100100010110001101000111100100110010101001011100110110011101001111101010110101111011011100000011111100001101111000111011000001011111110111010110010000100111001011011010010010100110101000
1258 000000010000011000010100001110001001000101100011010001111001001100101010010111001101100111010011111010101101011110110111000000111111000011011110001110110000010111111101110101100100001001110010110110100100101001101010001
1265 0000000100000110000101000011100010010001011000110100011110010011001010100101110011011001110100111110101011010111101101110000001111110000110111100011101100000101111111011101011001000010011100101101101001001010011010100010
1272 00000001000001100001010000111000100100010110001101000111100100110010101001011100110110011101001111101010110101111011011100000011111100001101111000111011000001011111110111010110010000100111001011011010010010100110101000100
1279 000000010000011000010100001110001001000101100011010001111001001100101010010111001101100111010011111010101101011110110111000000111111000011011110001110110000010111111101110101100100001001110010110110100100101001101010001000
1286 0000000100000110000101000011100010010001011000110100011110010011001010100101110011011001110100111110101011010111101101110000001111110000110111100011101100000101111111011101011001000010011100101101101001001010011010100010001
1293 00000001000001100001010000111000100100010110001101000111100100110010101001011100110110011101001111101010110101111011011100000011111100001101111000111011000001011111110111010110010000100111001011011010010010100110101000100011
1300 000000010000011000010100001110001001000101100011010001111001001100101010010111001101100111010011111010101101011110110111000000111111000011011110001110110000010111111101110101100100001001110010110110100100101001101010001000110
1307 0000000100000110000101000011100010010001011000110100011110010011001010100101110011011001110100111110101011010111101101110000001111110000110111100011101100000101111111011101011001000010011100101101101001001010011010100010001100
1314 00000001000001100001010000111000100100010110001101000111100100110010101001011100110110011101001111101010110101111011011100000011111100001101111000111011000001011111110111010110010000100111001011011010010010100110101000100011001
1321 000000010000011000010100001110001001000101100011010001111001001100101010010111001101100111010011111010101101011110110111000000111111000011011110001110110000010111111101110101100100001001110010110110100100101001101010001000110011
1328 0000000100000110000101000011100010010001011000110100011110010011001010100101110011011001110100111110101011010111101101110000001111110000110111100011101100000101111111011101011001000010011100101101101001001010011010100010001100110
1335 00000001000001100001010000111000100100010110001101000111100100110010101001011100110110011101001111101010110101111011011100000011111100001101111000111011000001011111110111010110010000100111001011011010010010100110101000100011001100
1342 000000010000011000010100001110001001000101100011010001111001001100101010010111001101100111010011111010101101011110110111000000111111000011011110001110110000010111111101110101100100001001110010110110100100101001101010001000110011000
1349 0000000100000110000101000011100010010001011000110100011110010011001010100101110011011001110100111110101011010111101101110000001111110000110111100011101100000101111111011101011001000010011100101101101001001010011010100010001100110001
1356 00000001000001100001010000111000100100010110001101000111100100110010101001011100110110011101001111101010110101111011011100000011111100001101111000111011000001011111110111010110010000100111001011011010010010100110101000100011001100010
1363 000000010000011000010100001110001001000101100011010001111001001100101010010111001101100111010011111010101101011110110111000000111111000011011110001110110000010111111101110101100100001001110010110110100100101001101010001000110011000101
1370 0000000100000110000101000011100010010001011000110100011110010011001010100101110011011001110100111110101011010111101101110000001111110000110111100011101100000101111111011101011001000010011100101101101001001010011010100010001100110001010
1377 00000001000001100001010000111000100100010110001101000111100100110010101001011100110110011101001111101010110101111011011100000011111100001101111000111011000001011111110111010110010000100111001011011010010010100110101000100011001100010101
1384 000000010000011000010100001110001001000101100011010001111001001100101010010111001101100111010011111010101101011110110111000000111111000011011110001110110000010111111101110101100100001001110010110110100100101001101010001000110011000101011
1391 0000000100000110000101000011100010010001011000110100011110010011001010100101110011011001110100111110101011010111101101110000001111110000110111100011101100000101111111011101011001000010011100101101101001001010011010100010001100110001010111
1398 00000001000001100001010000111000100100010110001101000111100100110010101001011100110110011101001111101010110101111011011100000011111100001101111000111011000001011111110111010110010000100111001011011010010010100110101000100011001100010101110
1405 000000010000011000010100001110001001000101100011010001111001001100101010010111001101100111010011111010101101011110110111000000111111000011011110001110110000010111111101110101100100001001110010110110100100101001101010001000110011000101011101
1412 0000000100000110000101000011100010010001011000110100011110010011001010100101110011011001110100111110101011010111101101110000001111110000110111100011101100000101111111011101011001000010011100101101101001001010011010100010001100110001010111011
1419 00000001000001100001010000111000100100010110001101000111100100110010101001011100110110011101001111101010110101111011011100000011111100001101111000111011000001011111110111010110010000100111001011011010010010100110101000100011001100010101110111
1426 000000010000011000010100001110001001000101100011010001111001001100101010010111001101100111010011111010101101011110110111000000111111000011011110001110110000010111111101110101100100001001110010110110100100101001101010001000110011000101011101111
1433 0000000100000110000101000011100010010001011000110100011110010011001010100101110011011001110100111110101011010111101101110000001111110000110111100011101100000101111111011101011001000010011100101101101001001010011010100010001100110001010111011111
1440 00000001000001100001010000111000100100010110001101000111100100110010101001011100110110011101001111101010110101111011011100000011111100001101111000111011000001011111110111010110010000100111001011011010010010100110101000100011001100010101110111110
1447 000000010000011000010100001110001001000101100011010001111001001100101010010111001101100111010011111010101101011110110111000000111111000011011110001110110000010111111101110101100100001001110010110110100100101001101010001000110011000101011101111100
1454 0000000100000110000101000011100010010001011000110100011110010011001010100101110011011001110100111110101011010111101101110000001111110000110111100011101100000101111111011101011001000010011100101101101001001010011010100010001100110001010111011111001
1461 00000001000001100001010000111000100100010110001101000111100100110010101001011100110110011101001111101010110101111011011100000011111100001101111000111011000001011111110111010110010000100111001011011010010010100110101000100011001100010101110111110011
1468 000000010000011000010100001110001001000101100011010001111001001100101010010111001101100111010011111010101101011110110111000000111111000011011110001110110000010111111101110101100100001001110010110110100100101001101010001000110011000101011101111100111
1475 0000000100000110000101000011100010010001011000110100011110010011001010100101110011011001110100111110101011010111101101110000001111110000110111100011101100000101111111011101011001000010011100101101101001001010011010100010001100110001010111011111001111
1482 00000001000001100001010000111000100100010110001101000111100100110010101001011100110110011101001111101010110101111011011100000011111100001101111000111011000001011111110111010110010000100111001011011010010010100110101000100011001100010101110111110011110
1489 000000010000011000010100001110001001000101100011010001111001001100101010010111001101100111010011111010101101011110110111000000111111000011011110001110110000010111111101110101100100001001110010110110100100101001101010001000110011000101011101111100111101
1496 0000000100000110000101000011100010010001011000110100011110010011001010100101110011011001110100111110101011010111101101110000001111110000110111100011101100000101111111011101011001000010011100101101101001001010011010100010001100110001010111011111001111010
1503 00000001000001100001010000111000100100010110001101000111100100110010101001011100110110011101001111101010110101111011011100000011111100001101111000111011000001011111110111010110010000100111001011011010010010100110101000100011001100010101110111110011110100
1510 000000010000011000010100001110001001000101100011010001111001001100101010010111001101100111010011111010101101011110110111000000111111000011011110001110110000010111111101110101100100001001110010110110100100101001101010001000110011000101011101111100111101000
1517 0000000010000001100000101000001110000100100001011000011010000111100010001001100010101000101110001100100011011000111010001111100100101001001110010101100101101001011110011001101010011011100111011001111010011111101010101110101101101011111011011110111011111110
