256 0.00 4.50 30.00
0 00
0 001
0 0010
0 00110
1 000110
2 0001011
3 00010110
4 000101110
6 0001011100
9 00010011101
12 000100110111
15 0001001101110
19 00001001101110
23 000010011010111
27 0000100110101110
31 00001001101011110
36 000010011010111100
42 0010000110101111001
49 00100001011001111010
56 001000010110011111010
64 0000100011001011111010
72 00001000110010101111011
80 000010001100101011011110
88 0000100011001010110111110
97 00001000110010101101111100
107 000010001100101001111101101
117 0000100011001010011101011110
127 00001000110010100111010111110
138 000001000110010100111010111110
149 0000010001100101001110101101111
160 00000100011001010011101011011110
171 000001000110010100111010110111110
183 0000010001100101001110101101111100
196 00100000101001100011101011011111001
210 001000001010011000111010110111110010
225 0010000010100110001110101101111110010
241 00010000010100110001110101101111110010
257 000100000101001011000110101110011111011
273 0001000001010010110001101011100111110110
289 00010000010100101100011010111001110111110
306 000100000101001011000110011101101011111100
324 0001000001010010011000110101101110011111101
342 00010000010100100110001101010111001111110110
360 000100000101001001100011010111001110110111110
379 0000010000110001010010011010111001110110111110
398 00000100001100010100100110101011011100111111011
417 000001000011000101001001101010111001110110111110
436 0000010000110001010010011010101110011101101111110
456 00000100001100010100100110101011100111011011111100
478 000001000101001001100001101010111001110110111111000
500 0000010001010010011000011010101110001110110111111001
522 00000100010100100110000110101011011100011111100111011
544 000001000101001001100001101010110011100011110110111110
567 0000010001010010011000011010101100101110111100011111101
590 00000100010100100110000110101011001011100011101101111110
613 000001000101001001100001101010110010111000111101101111110
637 0000010001010010011000011010101100101110001111011011111100
662 00000100010100100110000110101011001011100011101111001111101
687 000001000101001001100001101010110010111000111011011110011111
712 0000010001010010011000011010101100101110001110110111100111110
738 00000010000110001010001110010010110011010011110101011101111110
764 000000100001100010100011100100101100110100111101010111011011111
790 0000001000011000101000111001001011001101001111010101110110111110
816 00000010000110001010001110010010110011010011110101011101101111110
843 000000100001100010100011100100101100110100111101010111011011111100
871 0010000001001010001011000011001101001110001111010101110110111111001
900 00100000010010100010110000110011010011100011110101011101101111110010
931 001000000100101000101100001100110100111000111101010111011011111100100
962 0010000001001010001011000011001101001110001111010101110110111111100100
995 00100000010010100010110000110011010011100011110010111010101101111110110
1027 001000000100101000101100001100110100111000111100101110101011011111101100
1058 0010000001001010001011000011001101001110101011100011110110111011111100100
1091 00100000010010100010110000110011010011101010111000111101101110111111001000
1125 001000000100101000101100001100110100111000110111010101111001000111111101101
1159 0010000001001010001011000011001101001110001101101010111011110010001111111010
1193 00100000010010100010110000110011010011100011011011101111001000111111010101110
1228 001000000100101000101100001100110100111000110110101011101111001000111111101011
1263 0010000001001010001011000011001101001110001101101110010001111010101110111111100
1299 00000010000110001010001110010010110011010011110101011010111111001110110111000010
1334 000000100001100010100011100100101100110100111101010110101111111001110110111000010
1371 0000001000011000101000111001001011001101001111010101101011111110011101101110000100
1409 00000010000110001010001110010010110011010011110101011010111111100111011011100001001
1447 000000100001100010100011100100101100110100111101010111000010111111011011110011101000
1485 0000010001010010011000011010101100101110001110011011010011101111001000000111111101011
1524 00000010000110001010001110010010110011010011110101011101100001011110001101101111110100
1562 000001000101001001100001101010110010111000111001101101001110101111001000000111101111110
1601 0000010001010010011000011010101100101110001110011011010011101011110010000001111011111101
1640 00000100010100100110000110101011001011100011100110110100111010000001111010111111011110010
1680 000001000101001001100001101010110010111000111001101101001110100000011110101111110111100100
1721 0000001000011000101000111001001011001101001111010101110110111100011011000010111111001110100
1762 00000010000110001010001110010010110011010011110101011101101111000001111110111000100110010101
1803 000000100001100010100011100100101100110100111101010111011011111000001111110111000100110010101
1845 0000001000011000101000111001001011001101001111010101110110111111000001111101110001001100101010
1887 00000010000110001010001110010010110011010011110101011101101111110000011111011100010011001010110
1929 000000100001100010100011100100101100110100111101010111011011111100000111110111000100110010101101
1971 0000001000011000101000111001001011001101001111010101110110111111000001111101110001001100101011010
2015 00000010000110001010001110010010110011010011110101011101101111110000011111011100010011001010110100
2060 000000100001100010100011100100101100110100111101010111011011111100000111110111000100110010101101000
2106 0000010001010010011000011010101100101110001110011011010011101011110110001001010000001111101111110010
2153 00000010000110001010001110010010110011010011110101011101101111110000011111011100010011001010110101000
2199 000000100001100010100011100100101100110100111101010111011011111100000111110111000110010101101000100110
2246 0000001000011000101000111001001011001101001111010101110110111111000001111101110001101100101010010001011
2293 00000010000110001010001110010010110011010011110101011101101111110000011111011100011010110100010011001010
2341 000000100001100010100011100100101100110100111101010111011011111100000111110111000100110010101101000010111
2389 0000001000011000101000111001001011001101001111010101110110111111000001111101110001101100101010010001001110
2437 00000010000110001010001110010010110011010011110101011101101111110000011111011100010011001010110100001011110
2485 000000100001100010100011100100101100110100111101010111011011111100000111110111000110110010101001000100111010
2535 0000001000011000101000111001001011001101001111010101110110111111000001111101110000101101010010001001100111010
2584 00000010000110001010001110010010110011010011110101011101101111110000011111011100011011001010100100010011101011
2634 000000100001100010100011100100101100110100111101010111011011111100000111110111000010111100110010101001000110110
2685 0000001000011000101000111001001011001101001111010101110110111111000001111101110000100110010101001000110110101111
2734 00000010000110001010001110010010110011010011110101011101101111110000011111011100001011110011001010100100011011010
2786 000000100001100010100011100100101100110100111101010111011011111100000111110111000010011001010100100011011010111100
2839 0000001000011000101000111001001011001101001111010101110110111111000001111101110000100110010101001000110110101111001
2892 00000010000110001010001110010010110011010011110101011101101111110000011111011100001001100101010010001101101011110011
2946 000000100001100010100011100100101100110100111101010111011011111100000111110111000010011001010010001011110011101011010
2999 0000001000011000101000111001001011001101001111010101110110111111000001111101110000100110010101001000101111001110101101
3053 00000010000110001010001110010010110011010011110101011101101111110000011111011100001001100101010010001011110001101101011
3107 000000100001100010100011100100101100110100111101010111011011111100000111110111000010011001010100100010111100011011010110
3161 0000001000011000101000111001001011001101001111010101110110111111000001111101110000100110010101001000101111001110101101100
3215 00000010000110001010001110010010110011010011110101011101101111110000011111011100001001100101010010001011110011101011011000
3272 000000100001100010100011100100101100110100111101010111011011111100000111110111000010011001010100100010111100111010110001101
3328 0000001000011000101000111001001011001101001111010101110110111111000001111101110000100110010101001000101111001110101100011011
3384 00000010000110001010001110010010110011010011110101011101101111110000011111011100001001100101010010001011110011101011000110110
3436 000000010000011000010100001110001001000101100011010001111001001100101010010111001101100111010011111010101101011110111011111110
3492 0000000100000110000101000011100010010001011000110100011110010011001010100101110011011001110100111110101011010111101101110111111
3549 00000001000001100001010000111000100100010110001101000111100100110010101001011100110110011101001111101010110101111011011101111110
3606 000000010000011000010100001110001001000101100011010001111001001100101010010111001101100111010011111010101101011110110111011111110
3664 0000000100000110000101000011100010010001011000110100011110010011001010100101110011011001110100111110101011010111101101110111111100
3724 00000001000001100001010000111000100100010110001101000111100100110010101001011100110110011101001111101010110101111011011101111111000
3787 000000010000011000010100001110001001000101100011010001111001001100101010010111001101100111010011111010101101011110110111011111110000
3850 0000000100000110000101000011100010010001011000110100011110010011001010100101110011011001110100111110101011010111101101110111111100001
3913 00000001000001100001010000111000100100010110001101000111100100110010101001011100110110011101001111101010110101111011011101111111000011
3976 000000010000011000010100001110001001000101100011010001111001001100101010010111001101100111010011111010101101011110110111011111110000110
4040 0000000100000110000101000011100010010001011000110100011110010011001010100101110011011001110100111110101011010111101101110111111100001101
4104 00000001000001100001010000111000100100010110001101000111100100110010101001011100110110011101001111101010110101111011011101111111100001101
4169 000000010000011000010100001110001001000101100011010001111001001100101010010111001101100111010011111010101101011110110111011111111000011010
4235 0000000100000110000101000011100010010001011000110100011110010011001010100101110011011001110100111110101011010111101101110101110111111100001
4301 00000001000001100001010000111000100100010110001101000111100100110010101001011100110110011101001111101010110101111011011101011101111111000011
4367 000000010000011000010100001110001001000101100011010001111001001100101010010111001101100111010011111010101101011110110111010111011111110000110
4433 0000000100000110000101000011100010010001011000110100011110010011001010100101110011011001110100111110101011010111101101111111000011011101110010
4500 00000001000001100001010000111000100100010110001101000111100100110010101001011100110110011101001111101010110101111011011101111000011011111110010
4567 000000010000011000010100001110001001000101100011010001111001001100101010010111001101100111010011111010101101011110110111011110000110111111100101
4635 0000000100000110000101000011100010010001011000110100011110010011001010100101110011011001110100111110101011010111101101110111100001101111111001010
4703 00000001000001100001010000111000100100010110001101000111100100110010101001011100110110011101001111101010110101111011011101111000011011111110010100
4773 000000010000011000010100001110001001000101100011010001111001001100101010010111001101100111010011111010101101011110110111010110010001110111111110000
4842 0000000100000110000101000011100010010001011000110100011110010011001010100101110011011001110100111110101011010111101101110111111110000010011100101101
4912 00000001000001100001010000111000100100010110001101000111100100110010101001011100110110011101001111101010110101111011011101111111100000100111001011010
4983 000000010000011000010100001110001001000101100011010001111001001100101010010111001101100111010011111010101101011110110111011110000010111111110011010100
5054 0000000100000110000101000011100010010001011000110100011110010011001010100101110011011001110100111110101011010111101101110111100000101111111100101001101
5125 00000001000001100001010000111000100100010110001101000111100100110010101001011100110110011101001111101010110101111011011101111000001011111110001110110100
5195 000000010000011000010100001110001001000101100011010001111001001100101010010111001101100111010011111010101101011110110111011110000010111111100011101101001
5266 0000000100000110000101000011100010010001011000110100011110010011001010100101110011011001110100111110101011010111101101110111100000101111111000111011010010
5339 00000001000001100001010000111000100100010110001101000111100100110010101001011100110110011101001111101010110101111011011101111000001011111110001110110100100
5412 000000010000011000010100001110001001000101100011010001111001001100101010010111001101100111010011111010101101011110110111011110000010111111110001110110100100
5486 0000000100000110000101000011100010010001011000110100011110010011001010100101110011011001110100111110101011010111101101110111100000101111111100011101101001001
5560 00000001000001100001010000111000100100010110001101000111100100110010101001011100110110011101001111101010110101111011011101111000001010111111110001110110100100
5634 000000010000011000010100001110001001000101100011010001111001001100101010010111001101100111010011111010101101011110110111011110000010111111110011000111011010010
5709 0000000100000110000101000011100010010001011000110100011110010011001010100101110011011001110100111110101011010111101101110111100000101111111100110001110110100100
5784 00000001000001100001010000111000100100010110001101000111100100110010101001011100110110011101001111101010110101111011011101111000001011111111000111011001010011010
5860 000000010000011000010100001110001001000101100011010001111001001100101010010111001101100111010011111010101101011110110111011110000010111111110001110101100110100100
5937 0000000100000110000101000011100010010001011000110100011110010011001010100101110011011001110100111110101011010111101101110111100000101111111100011101100100101001101
6013 00000001000001100001010000111000100100010110001101000111100100110010101001011100110110011101001111101010110101111011011101111000001011111111000111011001001010011010
6091 000000010000011000010100001110001001000101100011010001111001001100101010010111001101100111010011111010101101011110110111011110000010111111110001110110010010100110101
6170 0000000100000110000101000011100010010001011000110100011110010011001010100101110011011001110100111110101011010111101101110111100000101111111100011001101010001001110110
6249 00000001000001100001010000111000100100010110001101000111100100110010101001011100110110011101001111101010110101111011011101111000001011111111000111010110010010100110111
6329 000000010000011000010100001110001001000101100011010001111001001100101010010111001101100111010011111010101101011110110111011110000010111111110001010011010110010001110110
6408 0000000100000110000101000011100010010001011000110100011110010011001010100101110011011001110100111110101011010111101101110111100000101111111100011101011001000011011010010
6487 00000001000001100001010000111000100100010110001101000111100100110010101001011100110110011101001111101010110101111011011101111000001011111111000111011100101001101011001000
6568 000000010000011000010100001110001001000101100011010001111001001100101010010111001101100111010011111010101101011110110111011110000010111111110001110111001010011010110010000
6649 0000000100000110000101000011100010010001011000110100011110010011001010100101110011011001110100111110101011010111101101110111100000101111111100011101110010100110101100100001
6731 00000001000001100001010000111000100100010110001101000111100100110010101001011100110110011101001111101010110101111011011101111000001011111111000111010110010000100101001101110
6812 000000010000011000010100001110001001000101100011010001111001001100101010010111001101100111010011111010101101011110110111011110000010111111110001110101100100001101110010100110
6894 0000000100000110000101000011100010010001011000110100011110010011001010100101110011011001110100111110101011010111101101110111100000101111111100011101011001000011011010010100111
6977 00000001000001100001010000111000100100010110001101000111100100110010101001011100110110011101001111101010110101111011011101111000001011111111000111010110010000110110100101001110
7060 000000010000011000010100001110001001000101100011010001111001001100101010010111001101100111010011111010101101011110110111011110000010111111110001110101100100001101101001010011100
7145 0000000100000110000101000011100010010001011000110100011110010011001010100101110011011001110100111110101011010111101101110111100000101111111100011101011001000011011010010100111001
7229 00000001000001100001010000111000100100010110001101000111100100110010101001011100110110011101001111101010110101111011011101111000001011111111000111010110010000110111110010100110100
7315 000000010000011000010100001110001001000101100011010001111001001100101010010111001101100111010011111010101101011110110111011110000010111111110001110101100100001001010011011111011000
7399 0000000100000110000101000011100010010001011000110100011110010011001010100101110011011001110100111110101011010111101101110111100000101111111100011101011001000011011010010100010011110
7485 00000001000001100001010000111000100100010110001101000111100100110010101001011100110110011101001111101010110101111011011101111000001011111111000111010110010000110110100101000100111101
7571 000000010000011000010100001110001001000101100011010001111001001100101010010111001101100111010011111010101101011110110111011110000010111111110001110101100100001001101010001100111101110
7657 0000000100000110000101000011100010010001011000110100011110010011001010100101110011011001110100111110101011010111101101110111100000101111111100011101011001000011011010010100010011110111
7743 00000001000001100001010000111000100100010110001101000111100100110010101001011100110110011101001111101010110101111011011101111000001011111111000111010110010000110110100101000100111101110
7829 000000010000011000010100001110001001000101100011010001111001001100101010010111001101100111010011111010101101011110110111011110000010111111110001110101100100001101101001010001001111011100
7918 0000000100000110000101000011100010010001011000110100011110010011001010100101110011011001110100111110101011010111101101110111100000101111111100011101011001000011011010010100010011110111001
8007 00000001000001100001010000111000100100010110001101000111100100110010101001011100110110011101001111101010110101111011011101111000001011111111000111010110010000110111110110100101000100111001
8096 000000010000011000010100001110001001000101100011010001111001001100101010010111001101100111010011111010101101011110110111011110000010111111110001110101100100001101111101110010100110101000100
8186 0000000100000110000101000011100010010001011000110100011110010011001010100101110011011001110100111110101011010111101101110111100000101111111100011101011001000011011111011100101001101010001001
8276 00000001000001100001010000111000100100010110001101000111100100110010101001011100110110011101001111101010110101111011011101111000001011111111000111010110010000110111110110100101000100111001100
8366 000000010000011000010100001110001001000101100011010001111001001100101010010111001101100111010011111010101101011110110111011110000010111111110001110101100100001101111101101001010001001110011000
8456 0000000100000110000101000011100010010001011000110100011110010011001010100101110011011001110100111110101011010111101101110111100000101111111100011101011001000011011111011010100010011100101001100
8546 00000001000001100001010000111000100100010110001101000111100100110010101001011100110110011101001111101010110101111011011101111000001011111111000111010110010000110111110110101000100111001010011000
8639 000000010000011000010100001110001001000101100011010001111001001100101010010111001101100111010011111010101101011110110111011110000010111111110001110101100100001101111101101010001001110010100110000
8733 0000000100000110000101000011100010010001011000110100011110010011001010100101110011011001110100111110101011010111101101110111100000101111111100011101011001000011011111011000010011100101001101010001
8826 00000001000001100001010000111000100100010110001101000111100100110010101001011100110110011101001111101010110101111011011101111000001011111111000111010110010000110111110110000100111001010011010100010
8922 000000010000011000010100001110001001000101100011010001111001001100101010010111001101100111010011111010101101011110110111011110000010111111110001110101100100001101111101100001001110010100110101000100
9017 0000000100000110000101000011100010010001011000110100011110010011001010100101110011011001110100111110101011010111101101110111100000101111111100011101011001000011011111011000010011100101001101010001100
9111 00000001000001100001010000111000100100010110001101000111100100110010101001011100110110011101001111101010110101111011011101111000001011111111000111010110010000110111110110000100111001011010011010100010
9207 000000010000011000010100001110001001000101100011010001111001001100101010010111001101100111010011111010101101011110110111011110000010111111110001110101100100001101111101100001001110010110100110101000100
9303 0000000100000110000101000011100010010001011000110100011110010011001010100101110011011001110100111110101011010111101101110111100000101111111100011101011001000011011111011000010010100110101000110011110100
9399 00000001000001100001010000111000100100010110001101000111100100110010101001011100110110011101001111101010110101111011011101111000001011111111000111010110010000110111110110000100101001101010001001110011110
9495 000000010000011000010100001110001001000101100011010001111001001100101010010111001101100111010011111010101101011110110111011110000010111111110001110101100100001101111101100001001010011010100010011100111101
9592 0000000100000110000101000011100010010001011000110100011110010011001010100101110011011001110100111110101011010111101101110111100000101111111100011101011001000011011111011000010010100110101000100111001111010
9690 00000001000001100001010000111000100100010110001101000111100100110010101001011100110110011101001111101010110101111011011101111000001011111111000111010110010000110111110110000100101001101010001001110011110100
9789 000000010000011000010100001110001001000101100011010001111001001100101010010111001101100111010011111010101101011110110111011110000010111111110001110101100100001101111101100001001010011010100010011100111101000
9887 0000000100000110000101000011100010010001011000110100011110010011001010100101110011011001110100111110101011010111101101110111100000101111111100011101011001000011011111011000010010100110101000100011001111011100
9986 00000001000001100001010000111000100100010110001101000111100100110010101001011100110110011101001111101010110101111011011101111000001011111111000111010110010000110111110110000100101001101010001000110011110111001
10084 000000010000011000010100001110001001000101100011010001111001001100101010010111001101100111010011111010101101011110110111011110000010111111110001110101100100001101111101100001001010011010101000100011001111011100
10184 0000000100000110000101000011100010010001011000110100011110010011001010100101110011011001110100111110101011010111101101110111100000101111111100011101011001000011011111011000010010100110101000100011001111011100101
10285 00000001000001100001010000111000100100010110001101000111100100110010101001011100110110011101001111101010110101111011011101111000001011111111000111010110010000110111110110000100101001101010001000110011110111001011
10386 000000010000011000010100001110001001000101100011010001111001001100101010010111001101100111010011111010101101011110110111011110000010111111110001110101100100001101111101100001001010011010100010001100111101110010110
10487 0000000100000110000101000011100010010001011000110100011110010011001010100101110011011001110100111110101011010111101101110111100000101111111100011101011001000011011111011000010010100110101000100011001111011100101101
10589 00000001000001100001010000111000100100010110001101000111100100110010101001011100110110011101001111101010110101111011011101111000001011111111000111010110010000110111110110000100101001101010001000110011110111001011010
10690 000000010000011000010100001110001001000101100011010001111001001100101010010111001101100111010011111010101101011110110111011110000010111111110001110101100100001101111101100001001010011010100010001100111101110010110100
10794 0000000100000110000101000011100010010001011000110100011110010011001010100101110011011001110100111110101011010111101101110111100000101111111100011101011001000011011111011000010010100110101000100011001111011100101101001
10899 00000001000001100001010000111000100100010110001101000111100100110010101001011100110110011101001111101010110101111011011101111000001011111111000111010110010000110111110110000100101001101010001000110011110111001011010000
11002 000000010000011000010100001110001001000101100011010001111001001100101010010111001101100111010011111010101101011110110111011110000010111111110001110101100100001101111101100001001010011010100010011100111101110010110100000
11108 0000000100000110000101000011100010010001011000110100011110010011001010100101110011011001110100111110101011010111101101110111100000101111111100011101011001000011011111011000010010100110101000100111001011010000001111011100
11213 00000001000001100001010000111000100100010110001101000111100100110010101001011100110110011101001111101010110101111011011101111000001011111111000111010110010000110111110110000100101001101010001001110010110110100000011111001
11316 000000010000011000010100001110001001000101100011010001111001001100101010010111001101100111010011111010101101011110110111011110000010111111110001110101100100001101111101100001001010011010100010011100101101101000000111110011
11422 0000000100000110000101000011100010010001011000110100011110010011001010100101110011011001110100111110101011010111101101110111100000101111111100011101011001000011011111011000010010100110101000100111001011010000001100111101110
11528 00000001000001100001010000111000100100010110001101000111100100110010101001011100110110011101001111101010110101111011011101111000001011111111000111010110010000110111110110000100101001101010001001110010110110100000011111001100
11633 000000010000011000010100001110001001000101100011010001111001001100101010010111001101100111010011111010101101011110110111011110000010111111110001110101100100001101111101100001001010011010100010011100101011101101000000111110011
11739 0000000100000110000101000011100010010001011000110100011110010011001010100101110011011001110100111110101011010111101101110111100000101111111100011101011001000011011111011000010010100110101000100111001010111011010000001111100110
11845 00000001000001100001010000111000100100010110001101000111100100110010101001011100110110011101001111101010110101111011011101111000001011111111000111010110010000110111110110000100101001101010001001110010101110110100000011111001100
11953 000000010000011000010100001110001001000101100011010001111001001100101010010111001101100111010011111010101101011110110111011110000010111111110001110101100100001101111101100001001010011010100010011100101011101101000000111111001100
12063 0000000100000110000101000011100010010001011000110100011110010011001010100101110011011001110100111110101011010111101101110111100000101111111100011101011001000011011111011000010010100110101000100111001010111011010000001111100110001
12171 00000001000001100001010000111000100100010110001101000111100100110010101001011100110110011101001111101010110101111011011101111000001011111111000111010110010000110111110110000100101001101010001001110010101110110100000011111100110001
12280 000000010000011000010100001110001001000101100011010001111001001100101010010111001101100111010011111010101101011110110111011110000010111111110001110101100100001101111101100001001010011010100010011100101011101101000000111111001100010
12390 0000000100000110000101000011100010010001011000110100011110010011001010100101110011011001110100111110101011010111101101110111100000101111111100011101011001000011011111011000010010100110101000100111001010111011010000001111110011000101
12502 00000001000001100001010000111000100100010110001101000111100100110010101001011100110110011101001111101010110101111011011101111000001011111111000111010110010000110111110110000100101001101010001001110010101110100000011111100110001011011
12612 000000010000011000010100001110001001000101100011010001111001001100101010010111001101100111010011111010101101011110110111011110000010111111110001110101100100001101111101100001001010011010100010011100101011101000000111111001100010110110
12724 0000000100000110000101000011100010010001011000110100011110010011001010100101110011011001110100111110101011010111101101110111100000101111111100011101011001000011011111011000010010100110101000100111001010111010000001111110011000101101101
12836 00000001000001100001010000111000100100010110001101000111100100110010101001011100110110011101001111101010110101111011011101111000001011111111000111010110010000110111110110000100101001101010001001110010101110100000011111100110001011011010
12948 000000010000011000010100001110001001000101100011010001111001001100101010010111001101100111010011111010101101011110110111011110000010111111110001110101100100001101111101100001001010011010100010011100101011101000000111111001100010110110100
13061 0000000100000110000101000011100010010001011000110100011110010011001010100101110011011001110100111110101011010111101101110111100000101111111100011101011001000011011111011000010010100110101000100111001010111010000001111110011000101101101001
13176 00000001000001100001010000111000100100010110001101000111100100110010101001011100110110011101001111101010110101111011011101111000001011111111000111010110010000110111110110000100101001101010001001110010101110100000011111100110001011011010010
13291 000000010000011000010100001110001001000101100011010001111001001100101010010111001101100111010011111010101101011110110111011110000010111111110001110101100100001101111101100001001010011010100010011100101011101000000111111001100010110110100100
13406 0000000100000110000101000011100010010001011000110100011110010011001010100101110011011001110100111110101011010111101101110111100000101111111100011101011001000011011111011000010010100110101000100111001010111010000001111110011001100010110110100
13522 00000001000001100001010000111000100100010110001101000111100100110010101001011100110110011101001111101010110101111011011101111000001011111111000111010110010000110111110110000100101001101010001001110010101110100000011111100110011000101101101001
13638 000000010000011000010100001110001001000101100011010001111001001100101010010111001101100111010011111010101101011110110111011110000010111111110001110101100100001101111101100001001010011010100010011100101011101000000111111001100110001011011010010
13753 0000000100000110000101000011100010010001011000110100011110010011001010100101110011011001110100111110101011010111101101110111100000101111111100011101011001000011011111011000010010100110101000100111001010111010000001111110111000110011000101101001
13869 00000001000001100001010000111000100100010110001101000111100100110010101001011100110110011101001111101010110101111011011101111000001011111111000111010110010000110111110110000100101001101010001001110010101110100000011111101110001100110001011010010
13985 000000010000011000010100001110001001000101100011010001111001001100101010010111001101100111010011111010101101011110110111011110000010111111110001110101100100001101111101100001001010011010100010011100101011101000000111111001111010010001100010110110
14102 0000000100000110000101000011100010010001011000110100011110010011001010100101110011011001110100111110101011010111101101110111100000101111111100011101011001000011011111011000010010100110101000100111001010111010000001111110011110100011001100010110110
14219 00000001000001100001010000111000100100010110001101000111100100110010101001011100110110011101001111101010110101111011011101111000001011111111000111010110010000110111110110000100101001101010001001110010101110100000011111100110001011011010010001100111
14336 000000010000011000010100001110001001000101100011010001111001001100101010010111001101100111010011111010101101011110110111011110000010111111110001110101100100001101111101100001001010011010100010011100101011101000000111111001100010110110100100011001111
14452 0000000100000110000101000011100010010001011000110100011110010011001010100101110011011001110100111110101011010111101101110111100000101111111100011101011001000011011111011000010010100110101000100111001010111010000001111110011000101101101001000110011110
14570 00000001000001100001010000111000100100010110001101000111100100110010101001011100110110011101001111101010110101111011011101111000001011111111000111010110010000110111110110000100101001101010001001110010101110100000011111100110001011011010010001100111101
14691 000000010000011000010100001110001001000101100011010001111001001100101010010111001101100111010011111010101101011110110111011110000010111111110001110101100100001101111101100001001010011010100010011100101011101000000111111001100010110110100100011001111010
14811 0000000100000110000101000011100010010001011000110100011110010011001010100101110011011001110100111110101011010111101101110111100000101111111100011101011001000011011111011000010010100110101000100111001010111010000001111110011000101101101001000110011110111
14930 00000001000001100001010000111000100100010110001101000111100100110010101001011100110110011101001111101010110101111011011101111000001011111111000111010110010000110111110110000100101001101010001001110010101110100000011111100110001011011010010001100111101110
15050 000000010000011000010100001110001001000101100011010001111001001100101010010111001101100111010011111010101101011110110111011110000010111111110001110101100100001101111101100001001010011010100010011100101011101000000111111001100010110110100100011001111011100
15141 0000000010000001100000101000001110000100100001011000011010000111100010001001100010101000101110001100100011011000111010001111100100101001001110010101100101101001011110011001101010011011100111011001111010011111101010101110101101101011111011011110111011111110
