256 0.00 2.30 20.00
0 01
1 001
2 0011
4 00110
7 001011
11 0001011
15 00010111
20 000101110
26 0100011101
34 00010011101
42 000100110111
51 0001001101110
61 00010011010111
72 000010011010111
83 0000100110101111
95 00001001101011110
108 010000101100111101
123 0010000110101111001
139 00100001100111101011
156 001000010110011111010
174 0010000101011001111011
193 00001000110010101111011
212 000010001100101011111011
232 0000100011001010110111110
253 01000001001101011111011001
276 000010001100101001111101101
299 0000100011001011010011101111
323 00001000110010100111010111110
348 000010001100101001110101101111
374 0000010001100101001110101101111
400 00000100011001010011101011011111
427 000001000110010100111010110111110
455 0100000100101011000110111001111101
487 00000100011001010011101011011111001
519 000001000110010100111010110111110001
551 0000010001100101001110101101111110001
585 00000100010100110001110101101111110010
619 000001000101001011000110101110011111011
654 0000010001010010110001101011100111110111
690 00000100010100101100011010111001110111110
728 000001000101001011000011010111001110111110
766 0000010001010010011000110101101110011111101
805 00000100010100100110001101011011100111111011
845 000001000101001001100001101011011100111111011
886 0000010001010010011000011010111001110110111110
927 00000100010100100110000110101011011100111111011
969 000001000101001001100001101010111001111011011111
1012 0000010001010010011000011010101110011101101111110
1057 00000100010100100110000110101011100111011011111100
1103 000001000101001001100001101010111001111011011111100
1150 0000010001010010011000011011001111010101110111111001
1198 00000100010100100110000110101011011100011111100111011
1247 000001000101001001100001101010110010111011110011111101
1296 0000010001010010011000011010101100101110111100011111101
1346 00000100010100100110000110101011001110110111100011111101
1397 000001000101001001100001101010110010111000111101101111110
1450 0000010001010010011000011010101100101110001111011011111100
1503 00000100010100100110000110101011001011100011101111001111101
1557 000001000101001001100001101010110010111000111011011110011111
1612 0000010001010010011000011010101100101110001110110111100111110
1668 00000100010100100110000110101011001011100011101101111001111101
1725 000000100001100010100011100100101100110100111101010111011011111
1782 0000001000011000101000111001001011001101001111010101110110111111
1840 00000010000110001010001110010010110011010011110101011101101111110
1900 000000100001100010100011100100101100110100111101010111011011111100
1963 0000001000011000101000111001001011001101001111010101110110111111000
2026 00000010000110001010001110010010110011010011110101011101101111110001
2090 000000100001100010100011100100101100110100111101010111011011111100011
2156 0000001000011000101000111001001011001101001111010101110110111111000110
2222 00000010000110001010001110010010110011010011110001101110101011111101101
2289 000000100001100010100011100100101100110100111100011011101010111111101101
2357 0000001000011000101000111001001011001101001111000010111010101111110110111
2426 00000010000110001010001110010010110011010011110000101110101011011111110110
2496 000000100001100010100011100100101100110100111100001011101010110111111101101
2567 0000001000011000101000111001001011001101001111000010111010101111011011111101
2639 00000010000110001010001110010010110011010011110000101110101011110110111111001
2712 000000100001100010100011100100101100110100111101010110101111110011101101110000
2785 0000001000011000101000111001001011001101001111010101101011111100111011011100001
2859 00000010000110001010001110010010110011010011110101011010111111100111011011100001
2934 000000100001100010100011100100101100110100111101010110101111111001110110111000010
3012 0000001000011000101000111001001011001101001111010101101011111110011101101110000100
3090 00000010000110001010001110010010110011010011110101011010111111100111011011100001001
3170 000000100001100010100011100100101100110100111101010111000010111111011011110011101000
3250 0000001000011000101000111001001011001101001111010101110000100111011010110111111100011
3331 00000010000110001010001110010010110011010011110101011101100001011110001101101111110100
3412 000000100001100010100011100100101100110100111101010111011000010111100011011011111101001
3494 0000001000011000101000111001001011001101001111010101110110000101111000110110111111101001
3577 00000010000110001010001110010010110011010011110101011101101011011100000111111011110001001
3662 000000100001100010100011100100101100110100111101010111011011000010111100011011111100111010
3746 0000001000011000101000111001001011001101001111010101110110111100011011000010111111001110100
3833 00000010000110001010001110010010110011010011110101011101101111000001111110111000100110010101
3919 000000100001100010100011100100101100110100111101010111011011111000001111110111000100110010101
4007 0000001000011000101000111001001011001101001111010101110110111111100011011000010111100111010010
4096 00000010000110001010001110010010110011010011110101011101101111111000110110000010111100111010010
4186 000000100001100010100011100100101100110100111101010111011011111110111000001111000100110010101101
4276 0000001000011000101000111001001011001101001111010101110110111111101110000011110001001100101011010
4369 00000010000110001010001110010010110011010011110101011101101111111011100000111100010011001010110100
4462 000000100001100010100011100100101100110100111101010111011011111110111000001111100010011001010110100
4557 0000001000011000101000111001001011001101001111010101110110111111101110000011111000100110010101101000
4653 00000010000110001010001110010010110011010011110101011101101111111011100000111110001001100101011010001
4750 000000100001100010100011100100101100110100111101010111011011111110111000001111100010011001010110101000
4847 0000001000011000101000111001001011001101001111010101110110111111101110000011111000110010101101000100110
4945 00000010000110001010001110010010110011010011110101011101101111111011100000111110001101100101010010001011
5044 000000100001100010100011100100101100110100111101010111011011111110111000001111100011010110100010011001010
5145 0000001000011000101000111001001011001101001111010101110110111111101110000011011000010111100111010100100010
5247 00000010000110001010001110010010110011010011110101011101101111111011100000110110000101010010001011110011101
5349 000000100001100010100011100100101100110100111101010111011011111110111000001101100001010100100010111100111010
5451 0000001000011000101000111001001011001101001111010101110110111111101110000011011000010111100111010100100010011
5554 00000010000110001010001110010010110011010011110101011101101111111011100000110110000101111001110100010011001010
5657 000000100001100010100011100100101100110100111101010111011011111110111000001101100001011110011101000100110010101
5763 0000001000011000101000111001001011001101001111010101110110111111101110000011011000010111100111010001001100101010
5869 00000010000110001010001110010010110011010011110101011101101111111011100000110110000101111100111010001001100101010
5977 000000100001100010100011100100101100110100111101010111011011111110111000001101100001011111001110100010011001010100
6086 0000001000011000101000111001001011001101001111010101110110111111101110000011011000010111110011101000100110010101001
6197 00000010000110001010001110010010110011010011110101011101101111111011100000110110000101111100111010001001100101010010
6309 000000100001100010100011100100101100110100111101010111011011111110111000001101100001011111001110100100010011001010110
6421 0000001000011000101000111001001011001101001111010101110110111111101110000011011000010111110010101001000100110011101011
6533 00000010000110001010001110010010110011010011110101011101101111111011100000110110000101111100111010010001001100101011010
6648 000000100001100010100011100100101100110100111101010111011011111110111000001101100001011111000110010101001000100111010110
6762 0000001000011000101000111001001011001101001111010101110110111111101110000011011000010111110001111001010110101001000100110
6878 00000010000110001010001110010010110011010011110101011101101111111011100000110110000101111100011110010101001000100111010110
6993 000000100001100010100011100100101100110100111101010111011011111110111000001101100001011111000111100111010001001100101010010
7111 0000001000011000101000111001001011001101001111010101110110111111101110000011011000010111110001111001010100100010011001110101
7230 00000010000110001010001110010010110011010011110101011101101111111011100000110110000101111100011110010101001000100110011101011
7343 000000010000011000010100001110001001000101100011010001111001001100101010010111001101100111010011111010101101011110111011111110
7461 0000000100000110000101000011100010010001011000110100011110010011001010100101110011011001110100111110101011010111101101110111111
7581 00000001000001100001010000111000100100010110001101000111100100110010101001011100110110011101001111101010110101111011011101111111
7702 000000010000011000010100001110001001000101100011010001111001001100101010010111001101100111010011111010101101011110110111011111110
7825 0000000100000110000101000011100010010001011000110100011110010011001010100101110011011001110100111110101011010111101101110111111100
7951 00000001000001100001010000111000100100010110001101000111100100110010101001011100110110011101001111101010110101111011011101111111000
8078 000000010000011000010100001110001001000101100011010001111001001100101010010111001101100111010011111010101101011110110111011111110001
8206 0000000100000110000101000011100010010001011000110100011110010011001010100101110011011001110100111110101011010111101101110111111100011
8336 00000001000001100001010000111000100100010110001101000111100100110010101001011100110110011101001111101010110101111011011101111111000011
8466 000000010000011000010100001110001001000101100011010001111001001100101010010111001101100111010011111010101101011110110111011111110001110
8597 0000000100000110000101000011100010010001011000110100011110010011001010100101110011011001110100111110101011010111101101110111111100001101
8728 00000001000001100001010000111000100100010110001101000111100100110010101001011100110110011101001111101010110101111011011101111111100001101
8862 000000010000011000010100001110001001000101100011010001111001001100101010010111001101100111010011111010101101011110110111011111110000110111
8996 0000000100000110000101000011100010010001011000110100011110010011001010100101110011011001110100111110101011010111101101110101110111111100001
9131 00000001000001100001010000111000100100010110001101000111100100110010101001011100110110011101001111101010110101111011011101011101111111000011
9267 000000010000011000010100001110001001000101100011010001111001001100101010010111001101100111010011111010101101011110110111010111011111110000110
9404 0000000100000110000101000011100010010001011000110100011110010011001010100101110011011001110100111110101011010111101101110101110111111110000110
9541 00000001000001100001010000111000100100010110001101000111100100110010101001011100110110011101001111101010110101111011011101111000011011111110010
9679 000000010000011000010100001110001001000101100011010001111001001100101010010111001101100111010011111010101101011110110111011110000110111111100101
9819 0000000100000110000101000011100010010001011000110100011110010011001010100101110011011001110100111110101011010111101101110111100001101111111001010
9960 00000001000001100001010000111000100100010110001101000111100100110010101001011100110110011101001111101010110101111011011101111000011011111110010100
10102 000000010000011000010100001110001001000101100011010001111001001100101010010111001101100111010011111010101101011110110111011110000110111111100101001
10245 0000000100000110000101000011100010010001011000110100011110010011001010100101110011011001110100111110101011010111101101110111100001101111111001010011
10388 00000001000001100001010000111000100100010110001101000111100100110010101001011100110110011101001111101010110101111011011101111111100000100111001011011
10534 000000010000011000010100001110001001000101100011010001111001001100101010010111001101100111010011111010101101011110110111011110000010111111110011010100
10679 0000000100000110000101000011100010010001011000110100011110010011001010100101110011011001110100111110101011010111101101110111100000101111111100101001101
10826 00000001000001100001010000111000100100010110001101000111100100110010101001011100110110011101001111101010110101111011011101111000001001110010110111111101
10971 000000010000011000010100001110001001000101100011010001111001001100101010010111001101100111010011111010101101011110110111011110000010111111100011101101001
11119 0000000100000110000101000011100010010001011000110100011110010011001010100101110011011001110100111110101011010111101101110111100000101111111000111011010010
11268 00000001000001100001010000111000100100010110001101000111100100110010101001011100110110011101001111101010110101111011011101111000001011111111000111011010010
11419 000000010000011000010100001110001001000101100011010001111001001100101010010111001101100111010011111010101101011110110111011110000010111111110001110110100100
11570 0000000100000110000101000011100010010001011000110100011110010011001010100101110011011001110100111110101011010111101101110111100000101111111100011101101001001
11723 00000001000001100001010000111000100100010110001101000111100100110010101001011100110110011101001111101010110101111011011101111000001010111111110001110110100100
11875 000000010000011000010100001110001001000101100011010001111001001100101010010111001101100111010011111010101101011110110111011110000010111111110011000111011010010
12030 0000000100000110000101000011100010010001011000110100011110010011001010100101110011011001110100111110101011010111101101110111100000101111111100011101100101001101
12184 00000001000001100001010000111000100100010110001101000111100100110010101001011100110110011101001111101010110101111011011101111000001011111111000111011001010011010
12341 000000010000011000010100001110001001000101100011010001111001001100101010010111001101100111010011111010101101011110110111011110000010111111110001110101100110100100
12498 0000000100000110000101000011100010010001011000110100011110010011001010100101110011011001110100111110101011010111101101110111100000101111111100011101100100101001101
12656 00000001000001100001010000111000100100010110001101000111100100110010101001011100110110011101001111101010110101111011011101111000001011111111000111011001001010011010
12815 000000010000011000010100001110001001000101100011010001111001001100101010010111001101100111010011111010101101011110110111011110000010111111110001110110010010100110101
12976 0000000100000110000101000011100010010001011000110100011110010011001010100101110011011001110100111110101011010111101101110111100000101111111100011101011001001010011011
13138 00000001000001100001010000111000100100010110001101000111100100110010101001011100110110011101001111101010110101111011011101111000001011111111000111010110010010100110111
13301 000000010000011000010100001110001001000101100011010001111001001100101010010111001101100111010011111010101101011110110111011110000010111111110001110101100100101001101110
13464 0000000100000110000101000011100010010001011000110100011110010011001010100101110011011001110100111110101011010111101101110111100000101111111100011101011001001010011011100
13628 00000001000001100001010000111000100100010110001101000111100100110010101001011100110110011101001111101010110101111011011101111000001011111111000111011100101001101011001000
13794 000000010000011000010100001110001001000101100011010001111001001100101010010111001101100111010011111010101101011110110111011110000010111111110001100110101000100111001011011
13960 0000000100000110000101000011100010010001011000110100011110010011001010100101110011011001110100111110101011010111101101110111100000101111111100011001101010001001110010110111
14128 00000001000001100001010000111000100100010110001101000111100100110010101001011100110110011101001111101010110101111011011101111000001011111111000110011010100010011101110010110
14296 000000010000011000010100001110001001000101100011010001111001001100101010010111001101100111010011111010101101011110110111011110000010111111110001100110101000100111011100101101
14466 0000000100000110000101000011100010010001011000110100011110010011001010100101110011011001110100111110101011010111101101110111100000101111111100011001101010001001111011100101101
14636 00000001000001100001010000111000100100010110001101000111100100110010101001011100110110011101001111101010110101111011011101111000001011111111000110011010100010011110111010110010
14806 000000010000011000010100001110001001000101100011010001111001001100101010010111001101100111010011111010101101011110110111011110000010111111110001100110101000100111101110101100100
14978 0000000100000110000101000011100010010001011000110100011110010011001010100101110011011001110100111110101011010111101101110111100000101111111100011001101010001001111011101011001000
15152 00000001000001100001010000111000100100010110001101000111100100110010101001011100110110011101001111101010110101111011011101111000001011111111000110011010100010011100101101111101000
15325 000000010000011000010100001110001001000101100011010001111001001100101010010111001101100111010011111010101101011110110111011110000010111111110001100110101000100111101110101100100001
15500 0000000100000110000101000011100010010001011000110100011110010011001010100101110011011001110100111110101011010111101101110111100000101111111100011001101010001001111011101011001000011
15676 00000001000001100001010000111000100100010110001101000111100100110010101001011100110110011101001111101010110101111011011101111000001011111111000110011010100010011100101101100001111010
15853 000000010000011000010100001110001001000101100011010001111001001100101010010111001101100111010011111010101101011110110111011110000010111111110001100110101000100111011000011110100101011
16031 0000000100000110000101000011100010010001011000110100011110010011001010100101110011011001110100111110101011010111101101110111100000101111111100011001101010001001110110000111101001010111
16209 00000001000001100001010000111000100100010110001101000111100100110010101001011100110110011101001111101010110101111011011101111000001011111111000110011010100010011101100001111010010101110
16389 000000010000011000010100001110001001000101100011010001111001001100101010010111001101100111010011111010101101011110110111011110000010111111110001100110101000100111001010111011000011110100
16570 0000000100000110000101000011100010010001011000110100011110010011001010100101110011011001110100111110101011010111101101110111100000101111111100011001101010001001110010101110110000111101001
16752 00000001000001100001010000111000100100010110001101000111100100110010101001011100110110011101001111101010110101111011011101111000001011111111000110011010100010011100001111101110101100100101
16933 000000010000011000010100001110001001000101100011010001111001001100101010010111001101100111010011111010101101011110110111011110000010111111110001100110101000100111011100101101100001111010010
17117 0000000100000110000101000011100010010001011000110100011110010011001010100101110011011001110100111110101011010111101101110111100000101111111100011001101010001001110010110110000111110111010010
17301 00000001000001100001010000111000100100010110001101000111100100110010101001011100110110011101001111101010110101111011011101111000001011111111000110011010100010011100101101100001111101110100100
17487 000000010000011000010100001110001001000101100011010001111001001100101010010111001101100111010011111010101101011110110111011110000010111111110001100110101000100111001010010000111110111010110110
17673 0000000100000110000101000011100010010001011000110100011110010011001010100101110011011001110100111110101011010111101101110111100000101111111100011001101010001001110010100100001101111101110101100
17861 00000001000001100001010000111000100100010110001101000111100100110010101001011100110110011101001111101010110101111011011101111000001011111111000110011010100010011100101101001000011111101110101100
18048 000000010000011000010100001110001001000101100011010001111001001100101010010111001101100111010011111010101101011110110111011110000010111111110001100110101000100111001011011000000111111011101001010
18237 0000000100000110000101000011100010010001011000110100011110010011001010100101110011011001110100111110101011010111101101110111100000101111111100011001101010001001110010110110100100000011111101110101
18429 00000001000001100001010000111000100100010110001101000111100100110010101001011100110110011101001111101010110101111011011101111000001011111111000110011010100010011100101101101001000000111111011101011
18620 000000010000011000010100001110001001000101100011010001111001001100101010010111001101100111010011111010101101011110110111011110000010111111110001100110101000100111001011011000000111111011101001001010
18812 0000000100000110000101000011100010010001011000110100011110010011001010100101110011011001110100111110101011010111101101110111100000101111111100011001101010001001110010110110000001111110100100101011101
19005 00000001000001100001010000111000100100010110001101000111100100110010101001011100110110011101001111101010110101111011011101111000001011111111000110011010100010011100101101100000011111101001001010111011
19200 000000010000011000010100001110001001000101100011010001111001001100101010010111001101100111010011111010101101011110110111011110000010111111110001100110101000100111001011011000000111111010010010101110110
19397 0000000100000110000101000011100010010001011000110100011110010011001010100101110011011001110100111110101011010111101101110111100000101111111100011001101010001001110010110110000001111110111010010010101110
19594 00000001000001100001010000111000100100010110001101000111100100110010101001011100110110011101001111101010110101111011011101111000001011111111000110011010100010011100101101100000011111101110101100100101001
19792 000000010000011000010100001110001001000101100011010001111001001100101010010111001101100111010011111010101101011110110111011110000010111111110001100110101000100111001011011000000111111011101011001001010011
19992 0000000100000110000101000011100010010001011000110100011110010011001010100101110011011001110100111110101011010111101101110111100000101111111100011001101010001001110010110110000001111110111010010101100100011
20192 00000001000001100001010000111000100100010110001101000111100100110010101001011100110110011101001111101010110101111011011101111000001011111111000110011010100010011100101101100000011111001111010010010101110110
20392 000000010000011000010100001110001001000101100011010001111001001100101010010111001101100111010011111010101101011110110111011110000010111111110001100110101000100111001011011000000111111010010101100100011101110
20594 0000000100000110000101000011100010010001011000110100011110010011001010100101110011011001110100111110101011010111101101110111100000101111111100011001101010001001110010110110000001111110100101011001000111011101
20796 00000001000001100001010000111000100100010110001101000111100100110010101001011100110110011101001111101010110101111011011101111000001011111111000110011010100010011100101101100000011111101001001010111011100001101
20998 000000010000011000010100001110001001000101100011010001111001001100101010010111001101100111010011111010101101011110110111011110000010111111110001100110101000100111001011011000000111111011100001101001001010111010
21203 0000000100000110000101000011100010010001011000110100011110010011001010100101110011011001110100111110101011010111101101110111100000101111111100011001101010001001110010110110000001111110111000011010010010101110101
21410 00000001000001100001010000111000100100010110001101000111100100110010101001011100110110011101001111101010110101111011011101111000001011111111000110011010100010011100101101100000011111101110000110100100101011101011
21615 000000010000011000010100001110001001000101100011010001111001001100101010010111001101100111010011111010101101011110110111011110000010111111110001100110101000100111001011011000000111111011100001101101001001010111010
21823 0000000100000110000101000011100010010001011000110100011110010011001010100101110011011001110100111110101011010111101101110111100000101111111100011001101010001001110010110110000001111110111000011011010010010101110100
22033 00000001000001100001010000111000100100010110001101000111100100110010101001011100110110011101001111101010110101111011011101111000001011111111000110011010100010011100101101100000011111101110000100011101101001001010111
22243 000000010000011000010100001110001001000101100011010001111001001100101010010111001101100111010011111010101101011110110111011110000010111111110001100110101000100111001011011000000111111011100001000111011010010010101110
22452 0000000100000110000101000011100010010001011000110100011110010011001010100101110011011001110100111110101011010111101101110111100000101111111100011001101010001001110010110110000001111110111000010001110110100100101011101
22661 00000001000001100001010000111000100100010110001101000111100100110010101001011100110110011101001111101010110101111011011101111000001011111111000110011010100010011100101101100000011111101110000100011101101001001010111010
22873 000000010000011000010100001110001001000101100011010001111001001100101010010111001101100111010011111010101101011110110111011110000010111111110001100110101000100111001011011000000111111011100001000111011010010010101110101
23088 0000000100000110000101000011100010010001011000110100011110010011001010100101110011011001110100111110101011010111101101110111100000101111111100011001101010001001110010110110000001111110111000010001110110100100101011101011
23303 00000001000001100001010000111000100100010110001101000111100100110010101001011100110110011101001111101010110101111011011101111000001011111111000110011010100010011100101101100000011111101110000100011101101001001010111010110
23518 000000010000011000010100001110001001000101100011010001111001001100101010010111001101100111010011111010101101011110110111011110000010111111110001100110101000100111001011011000000111111011100001000111011010010010101110101100
23733 0000000100000110000101000011100010010001011000110100011110010011001010100101110011011001110100111110101011010111101101110111100000101111111100011001101010001001110010110110000001111110111000010001110110100100101011101011001
23952 00000001000001100001010000111000100100010110001101000111100100110010101001011100110110011101001111101010110101111011011101111000001011111111000110011010100010011100101101100000011111101110000100011101101001001010111010110010
24172 000000010000011000010100001110001001000101100011010001111001001100101010010111001101100111010011111010101101011110110111011110000010111111110001100110101000100111001011011000000111111011100001000111011010010010101110101100100
24392 0000000100000110000101000011100010010001011000110100011110010011001010100101110011011001110100111110101011010111101101110111100000101111111100011001101010001001110010110110000001111110111000010001110110100100101010110011110100
24613 00000001000001100001010000111000100100010110001101000111100100110010101001011100110110011101001111101010110101111011011101111000001011111111000110011010100010011100101101100000011111101110000100011101101001010011000101011101011
24835 000000010000011000010100001110001001000101100011010001111001001100101010010111001101100111010011111010101101011110110111011110000010111111110001100110101000100111001011011000000111111011100001000111011010010010100110001010111010
25056 0000000100000110000101000011100010010001011000110100011110010011001010100101110011011001110100111110101011010111101101110111100000101111111100011001101010001001110010110110000001111110111000010001110110100100101001100010101110101
25277 00000001000001100001010000111000100100010110001101000111100100110010101001011100110110011101001111101010110101111011011101111000001011111111000110011010100010011100101101100000011111101110000100011101101001001010011000101011101011
25500 000000010000011000010100001110001001000101100011010001111001001100101010010111001101100111010011111010101101011110110111011110000010111111110001100110101000100111001011011000000111111011100001000111011010010010101110101100111101000
25726 0000000100000110000101000011100010010001011000110100011110010011001010100101110011011001110100111110101011010111101101110111100000101111111100011001101010001001110010110110000001111110111000010001110110100100101011101011001111010000
25952 00000001000001100001010000111000100100010110001101000111100100110010101001011100110110011101001111101010110101111011011101111000001011111111000110011010100010011100101101100000011111101110000100011101101001001010111010110011110100001
26180 000000010000011000010100001110001001000101100011010001111001001100101010010111001101100111010011111010101101011110110111011110000010111111110001100110101000100111001011011000000111111011100001000111011010010010101110101100100001101111
26409 0000000100000110000101000011100010010001011000110100011110010011001010100101110011011001110100111110101011010111101101110111100000101111111100011001101010001001110010110110000001111110111000010001110110100100101010111010110011110100001
26636 00000001000001100001010000111000100100010110001101000111100100110010101001011100110110011101001111101010110101111011011101111000001011111111000110011010100010011100101101100000011111101110000100011101101001001010011000101011101011001111
26865 000000010000011000010100001110001001000101100011010001111001001100101010010111001101100111010011111010101101011110110111011110000010111111110001100110101000100111001011011000000111111011100001000111011010010010100110001010111010110011110
27096 0000000100000110000101000011100010010001011000110100011110010011001010100101110011011001110100111110101011010111101101110111100000101111111100011001101010001001110010110110000001111110111000010001110110100100101001100010101110101100111101
27328 00000001000001100001010000111000100100010110001101000111100100110010101001011100110110011101001111101010110101111011011101111000001011111111000110011010100010011100101101100000011111101110000100011101101001001010011000101011101011001111010
27561 000000010000011000010100001110001001000101100011010001111001001100101010010111001101100111010011111010101101011110110111011110000010111111110001100110101000100111001011011000000111111011100001000111011010010010100110001010111010110011110100
27795 0000000100000110000101000011100010010001011000110100011110010011001010100101110011011001110100111110101011010111101101110111100000101111111100011001101010001001110010110110000001111110111000010001110110100100101001100010101110101100111101000
28030 00000001000001100001010000111000100100010110001101000111100100110010101001011100110110011101001111101010110101111011011101111000001011111111000110011010100010011100101101100000011111101110000100011101101001001010011000101010111010000110111110
28267 000000010000011000010100001110001001000101100011010001111001001100101010010111001101100111010011111010101101011110110111011110000010111111110001100110101000100111001011011000000111111011100001000111011010010010100110001010101110100001101111100
28501 0000000100000110000101000011100010010001011000110100011110010011001010100101110011011001110100111110101011010111101101110111100000101111111100011001101010001001110010110110000001111110111000010001110110100100101001100010101011101000011011111001
28736 00000001000001100001010000111000100100010110001101000111100100110010101001011100110110011101001111101010110101111011011101111000001011111111000110011010100010011100101101100000011111101110000100011101101001001010011000101011101011001000011011111
28973 000000010000011000010100001110001001000101100011010001111001001100101010010111001101100111010011111010101101011110110111011110000010111111110001100110101000100111001011011000000111111011100001000111011010010010100110001010111010110010000110111110
29214 0000000100000110000101000011100010010001011000110100011110010011001010100101110011011001110100111110101011010111101101110111100000101111111100011001101010001001110010110110000001111110111000010001110110100100101001100010101110101100100001101111101
29454 00000001000001100001010000111000100100010110001101000111100100110010101001011100110110011101001111101010110101111011011101111000001011111111000110011010100010011100101101100000011111101110000100011101101001001010011000101010111010110010000110111110
29696 000000010000011000010100001110001001000101100011010001111001001100101010010111001101100111010011111010101101011110110111011110000010111111110001100110101000100111001011011000000111111011100001000111011010010010100110001010111010110010000110111110011
29938 0000000100000110000101000011100010010001011000110100011110010011001010100101110011011001110100111110101011010111101101110111100000101111111100011001101010001001110010110110000001111110111000010001110110100100101001100010101110101100100001101111100111
30183 00000001000001100001010000111000100100010110001101000111100100110010101001011100110110011101001111101010110101111011011101111000001011111111000110011010100010011100101101100000011111101110000100011101101001001010011000101011101011001000011011111001111
30426 000000010000011000010100001110001001000101100011010001111001001100101010010111001101100111010011111010101101011110110111011110000010111111110001100110101000100111001011011000000111111011100001000111011010010010100110001010111010110010000110111110011110
30670 0000000100000110000101000011100010010001011000110100011110010011001010100101110011011001110100111110101011010111101101110111100000101111111100011001101010001001110010110110000001111110111000010001110110100100101001100010101110101100100001101111100111101
30913 00000001000001100001010000111000100100010110001101000111100100110010101001011100110110011101001111101010110101111011011101111000001011111111000110011010100010011100101101100000011111101110000100011101101001001010011000101011101011001000011011111001111010
31160 000000010000011000010100001110001001000101100011010001111001001100101010010111001101100111010011111010101101011110110111011110000010111111110001100110101000100111001011011000000111111011100001000111011010010010100110001010111010110010000110111110011110100
31397 0000000010000001100000101000001110000100100001011000011010000111100010001001100010101000101110001100100011011000111010001111100100101001001110010101100101101001011110011001101010011011100111011001111010011111101010101110101101101011111011011110111011111111
